
#ID Wavelength TransmissionQEFilter TransmissionFilter#

  1 3890.0 0.000001 0.000003
  2 3900.0 0.000002 0.000004
  3 3910.0 0.000004 0.000008
  4 3920.0 0.000013 0.000022
  5 3930.0 0.000051 0.000088
  6 3940.0 0.000268 0.000456
  7 3950.0 0.002184 0.003660
  8 3960.0 0.020601 0.034028
  9 3970.0 0.096790 0.157660
 10 3980.0 0.236567 0.380148
 11 3990.0 0.372684 0.591598
 12 4000.0 0.458945 0.719775
 13 4010.0 0.518820 0.804017
 14 4020.0 0.569034 0.871488
 15 4030.0 0.601368 0.910328
 16 4040.0 0.617287 0.924017
 17 4050.0 0.627468 0.929781
 18 4060.0 0.638503 0.936681
 19 4070.0 0.649420 0.943275
 20 4080.0 0.659323 0.947983
 21 4090.0 0.667282 0.949613
 22 4100.0 0.674434 0.950075
 23 4110.0 0.679810 0.948050
 24 4120.0 0.684719 0.945419
 25 4130.0 0.690814 0.944463
 26 4140.0 0.701899 0.950281
 27 4150.0 0.715984 0.960472
 28 4160.0 0.726403 0.965629
 29 4170.0 0.733458 0.966261
 30 4180.0 0.739495 0.965670
 31 4190.0 0.746193 0.966255
 32 4200.0 0.752276 0.966041
 33 4210.0 0.758412 0.965897
 34 4220.0 0.764266 0.965401
 35 4230.0 0.772912 0.968410
 36 4240.0 0.781314 0.971067
 37 4250.0 0.789253 0.973112
 38 4260.0 0.792713 0.971482
 39 4270.0 0.795415 0.969134
 40 4280.0 0.800550 0.969761
 41 4290.0 0.808233 0.973729
 42 4300.0 0.813596 0.975827
 43 4310.0 0.817464 0.976120
 44 4320.0 0.820445 0.975356
 45 4330.0 0.823760 0.974995
 46 4340.0 0.827636 0.975297
 47 4350.0 0.829467 0.973198
 48 4360.0 0.831059 0.970837
 49 4370.0 0.832949 0.968972
 50 4380.0 0.835899 0.969208
 51 4390.0 0.841382 0.972369
 52 4400.0 0.847955 0.976766
 53 4410.0 0.852378 0.978666
 54 4420.0 0.854848 0.978317
 55 4430.0 0.857096 0.977719
 56 4440.0 0.859455 0.977250
 57 4450.0 0.864117 0.979395
 58 4460.0 0.867182 0.979963
 59 4470.0 0.869313 0.980054
 60 4480.0 0.870534 0.979121
 61 4490.0 0.871256 0.977633
 62 4500.0 0.873761 0.978147
 63 4510.0 0.877284 0.979797
 64 4520.0 0.879250 0.979703
 65 4530.0 0.880312 0.978604
 66 4540.0 0.878666 0.974509
 67 4550.0 0.877176 0.970604
 68 4560.0 0.878157 0.970258
 69 4570.0 0.882407 0.973830
 70 4580.0 0.886868 0.977627
 71 4590.0 0.890353 0.980341
 72 4600.0 0.891654 0.980646
 73 4610.0 0.889830 0.977518
 74 4620.0 0.888262 0.974678
 75 4630.0 0.887558 0.972791
 76 4640.0 0.888049 0.972216
 77 4650.0 0.888967 0.972281
 78 4660.0 0.889118 0.972449
 79 4670.0 0.887649 0.970847
 80 4680.0 0.886492 0.969586
 81 4690.0 0.885220 0.968200
 82 4700.0 0.885920 0.968970
 83 4710.0 0.886616 0.969736
 84 4720.0 0.886662 0.969790
 85 4730.0 0.884949 0.967922
 86 4740.0 0.882358 0.965092
 87 4750.0 0.880607 0.963180
 88 4760.0 0.880916 0.963289
 89 4770.0 0.884309 0.966727
 90 4780.0 0.888454 0.970985
 91 4790.0 0.892449 0.975076
 92 4800.0 0.892541 0.974902
 93 4810.0 0.890002 0.971856
 94 4820.0 0.885804 0.966999
 95 4830.0 0.883497 0.964210
 96 4840.0 0.882592 0.962951
 97 4850.0 0.886368 0.967028
 98 4860.0 0.890219 0.971789
 99 4870.0 0.893187 0.975592
100 4880.0 0.892358 0.975248
101 4890.0 0.888036 0.971086
102 4900.0 0.881306 0.964283
103 4910.0 0.874738 0.957650
104 4920.0 0.871652 0.954824
105 4930.0 0.872919 0.956766
106 4940.0 0.878011 0.962904
107 4950.0 0.882812 0.969758
108 4960.0 0.885070 0.974269
109 4970.0 0.884079 0.975214
110 4980.0 0.880339 0.973124
111 4990.0 0.875512 0.969821
112 5000.0 0.871220 0.967099
113 5010.0 0.869863 0.967565
114 5020.0 0.870544 0.969552
115 5030.0 0.872107 0.972526
116 5040.0 0.872750 0.974482
117 5050.0 0.871593 0.974430
118 5060.0 0.869337 0.973148
119 5070.0 0.866268 0.970951
120 5080.0 0.863666 0.969630
121 5090.0 0.861711 0.969462
122 5100.0 0.860685 0.970340
123 5110.0 0.860759 0.972465
124 5120.0 0.859013 0.972539
125 5130.0 0.855655 0.970784
126 5140.0 0.851261 0.967844
127 5150.0 0.846176 0.964104
128 5160.0 0.842515 0.962104
129 5170.0 0.841508 0.963367
130 5180.0 0.841123 0.965351
131 5190.0 0.841838 0.968611
132 5200.0 0.840451 0.969462
133 5210.0 0.836519 0.967375
134 5220.0 0.828682 0.960750
135 5230.0 0.818781 0.951692
136 5240.0 0.809289 0.943064
137 5250.0 0.801773 0.936700
138 5260.0 0.798893 0.935722
139 5270.0 0.798773 0.937723
140 5280.0 0.802155 0.943855
141 5290.0 0.806945 0.951675
142 5300.0 0.810777 0.958400
143 5310.0 0.812511 0.962669
144 5320.0 0.812291 0.964638
145 5330.0 0.810422 0.964653
146 5340.0 0.807509 0.963423
147 5350.0 0.802917 0.960179
148 5360.0 0.798802 0.957492
149 5370.0 0.794202 0.954560
150 5380.0 0.789517 0.951631
151 5390.0 0.786095 0.950212
152 5400.0 0.783101 0.949305
153 5410.0 0.781889 0.950558
154 5420.0 0.781733 0.953105
155 5430.0 0.780043 0.953792
156 5440.0 0.775287 0.950723
157 5450.0 0.765241 0.941130
158 5460.0 0.750724 0.925968
159 5470.0 0.734524 0.908633
160 5480.0 0.718868 0.891873
161 5490.0 0.708363 0.881423
162 5500.0 0.705394 0.880317
163 5510.0 0.709622 0.888211
164 5520.0 0.715735 0.898520
165 5530.0 0.712575 0.897214
166 5540.0 0.687378 0.868070
167 5550.0 0.629611 0.797497
168 5560.0 0.538642 0.684358
169 5570.0 0.427043 0.544254
170 5580.0 0.315197 0.402962
171 5590.0 0.217071 0.278381
172 5600.0 0.142383 0.183170
173 5610.0 0.090850 0.117242
174 5620.0 0.057442 0.074363
175 5630.0 0.036660 0.047609
176 5640.0 0.023871 0.031099
177 5650.0 0.015990 0.020898
178 5660.0 0.011068 0.014511
179 5670.0 0.007877 0.010356
180 5680.0 0.005791 0.007636
181 5690.0 0.004355 0.005760
182 5700.0 0.003367 0.004465
183 5710.0 0.002632 0.003500
184 5720.0 0.002072 0.002764
185 5730.0 0.001638 0.002191
186 5740.0 0.001295 0.001737
187 5750.0 0.001019 0.001371
188 5760.0 0.000799 0.001078
189 5770.0 0.000628 0.000851
190 5780.0 0.000492 0.000669
191 5790.0 0.000389 0.000531
192 5800.0 0.000311 0.000425
193 5810.0 0.000250 0.000344
194 5820.0 0.000204 0.000282
195 5830.0 0.000169 0.000233
196 5840.0 0.000141 0.000196
197 5850.0 0.000121 0.000169
198 5860.0 0.000105 0.000147
199 5870.0 0.000092 0.000130
200 5880.0 0.000082 0.000116
201 5890.0 0.000073 0.000103
202 5891.0 0.000000 0.000000
