
#ID Wavelength TransmissionQEFilter TransmissionFilter#

  1 6620.0 0.000000 0.000000
  2 6630.0 0.000016 0.000032
  3 6640.0 0.000019 0.000038
  4 6650.0 0.000023 0.000046
  5 6660.0 0.000028 0.000056
  6 6670.0 0.000034 0.000068
  7 6680.0 0.000042 0.000085
  8 6690.0 0.000053 0.000107
  9 6700.0 0.000067 0.000137
 10 6710.0 0.000086 0.000176
 11 6720.0 0.000112 0.000231
 12 6730.0 0.000149 0.000306
 13 6740.0 0.000200 0.000413
 14 6750.0 0.000272 0.000565
 15 6760.0 0.000376 0.000785
 16 6770.0 0.000530 0.001112
 17 6780.0 0.000761 0.001605
 18 6790.0 0.001112 0.002357
 19 6800.0 0.001664 0.003548
 20 6810.0 0.002546 0.005458
 21 6820.0 0.003967 0.008551
 22 6830.0 0.006360 0.013786
 23 6840.0 0.010376 0.022614
 24 6850.0 0.017248 0.037803
 25 6860.0 0.028713 0.063312
 26 6870.0 0.046812 0.103944
 27 6880.0 0.073226 0.163747
 28 6890.0 0.106428 0.239691
 29 6900.0 0.141141 0.320154
 30 6910.0 0.173168 0.395646
 31 6920.0 0.199482 0.459089
 32 6930.0 0.221280 0.512995
 33 6940.0 0.241711 0.564505
 34 6950.0 0.262866 0.618486
 35 6960.0 0.284782 0.675084
 36 6970.0 0.307592 0.734185
 37 6980.0 0.329941 0.792992
 38 6990.0 0.349774 0.846532
 39 7000.0 0.365857 0.891686
 40 7010.0 0.377591 0.926805
 41 7020.0 0.385136 0.952071
 42 7030.0 0.389119 0.968828
 43 7040.0 0.390580 0.979506
 44 7050.0 0.389930 0.985006
 45 7060.0 0.388497 0.988124
 46 7070.0 0.386666 0.989601
 47 7080.0 0.384873 0.991194
 48 7090.0 0.382657 0.991713
 49 7100.0 0.380149 0.991475
 50 7110.0 0.377729 0.991465
 51 7120.0 0.375529 0.992038
 52 7130.0 0.372753 0.991085
 53 7140.0 0.369819 0.989699
 54 7150.0 0.367148 0.989001
 55 7160.0 0.363985 0.986962
 56 7170.0 0.360896 0.985096
 57 7180.0 0.357972 0.983660
 58 7190.0 0.355684 0.983962
 59 7200.0 0.353022 0.983228
 60 7210.0 0.350403 0.982607
 61 7220.0 0.347998 0.982578
 62 7230.0 0.345963 0.983601
 63 7240.0 0.343365 0.983027
 64 7250.0 0.341039 0.983230
 65 7260.0 0.338928 0.984061
 66 7270.0 0.336553 0.984562
 67 7280.0 0.333764 0.983959
 68 7290.0 0.331236 0.984119
 69 7300.0 0.328574 0.983881
 70 7310.0 0.326132 0.984303
 71 7320.0 0.323232 0.983341
 72 7330.0 0.320623 0.983254
 73 7340.0 0.317974 0.983041
 74 7350.0 0.315641 0.983811
 75 7360.0 0.312945 0.983144
 76 7370.0 0.310912 0.983534
 77 7380.0 0.308689 0.983329
 78 7390.0 0.306695 0.983854
 79 7400.0 0.304649 0.984215
 80 7410.0 0.302391 0.983895
 81 7420.0 0.300514 0.984820
 82 7430.0 0.298391 0.984944
 83 7440.0 0.296285 0.985126
 84 7450.0 0.294432 0.986160
 85 7460.0 0.292402 0.986610
 86 7470.0 0.290309 0.986225
 87 7480.0 0.288625 0.987183
 88 7490.0 0.286618 0.987039
 89 7500.0 0.284950 0.988072
 90 7510.0 0.283088 0.988441
 91 7520.0 0.281458 0.989631
 92 7530.0 0.279514 0.989726
 93 7540.0 0.277725 0.990374
 94 7550.0 0.275593 0.989821
 95 7560.0 0.274041 0.991537
 96 7570.0 0.272171 0.992124
 97 7580.0 0.270101 0.991986
 98 7590.0 0.268295 0.992819
 99 7600.0 0.265927 0.991570
100 7610.0 0.263971 0.991852
101 7620.0 0.261940 0.991851
102 7630.0 0.259978 0.992115
103 7640.0 0.257599 0.990783
104 7650.0 0.255502 0.990518
105 7660.0 0.253047 0.988811
106 7670.0 0.251123 0.988395
107 7680.0 0.248938 0.986937
108 7690.0 0.246717 0.985313
109 7700.0 0.244974 0.985590
110 7710.0 0.242635 0.983456
111 7720.0 0.240659 0.982768
112 7730.0 0.238579 0.981644
113 7740.0 0.236752 0.981551
114 7750.0 0.234700 0.980521
115 7760.0 0.233459 0.981661
116 7770.0 0.232093 0.980954
117 7780.0 0.230574 0.979586
118 7790.0 0.229644 0.980723
119 7800.0 0.228185 0.979599
120 7810.0 0.227029 0.979771
121 7820.0 0.225917 0.980136
122 7830.0 0.224780 0.980394
123 7840.0 0.223514 0.980091
124 7850.0 0.222264 0.979855
125 7860.0 0.221132 0.980714
126 7870.0 0.219198 0.980799
127 7880.0 0.217022 0.979790
128 7890.0 0.215241 0.980565
129 7900.0 0.213373 0.980952
130 7910.0 0.211588 0.981734
131 7920.0 0.209648 0.981802
132 7930.0 0.207558 0.981167
133 7940.0 0.205626 0.981267
134 7950.0 0.203938 0.981193
135 7960.0 0.203068 0.982392
136 7970.0 0.202206 0.983646
137 7980.0 0.200982 0.983142
138 7990.0 0.199804 0.982860
139 8000.0 0.199287 0.985843
140 8010.0 0.198355 0.986794
141 8020.0 0.197249 0.986890
142 8030.0 0.196194 0.987242
143 8040.0 0.195372 0.988772
144 8050.0 0.194394 0.989534
145 8060.0 0.193291 0.989777
146 8070.0 0.192248 0.990634
147 8080.0 0.191157 0.991246
148 8090.0 0.190141 0.992261
149 8100.0 0.188716 0.991138
150 8110.0 0.187763 0.992496
151 8120.0 0.186270 0.991001
152 8130.0 0.185039 0.990891
153 8140.0 0.183696 0.990171
154 8150.0 0.182261 0.988943
155 8160.0 0.180642 0.986698
156 8170.0 0.178322 0.983990
157 8180.0 0.176298 0.982927
158 8190.0 0.174277 0.981853
159 8200.0 0.172246 0.980698
160 8210.0 0.170309 0.980063
161 8220.0 0.168241 0.978648
162 8230.0 0.166370 0.978363
163 8240.0 0.164491 0.978026
164 8250.0 0.163622 0.979118
165 8260.0 0.162974 0.980974
166 8270.0 0.162043 0.981143
167 8280.0 0.160864 0.979806
168 8290.0 0.159471 0.977137
169 8300.0 0.157129 0.968589
170 8310.0 0.153556 0.952300
171 8320.0 0.147926 0.922977
172 8330.0 0.140080 0.879385
173 8340.0 0.129273 0.816555
174 8350.0 0.116356 0.738199
175 8360.0 0.101446 0.645616
176 8370.0 0.085740 0.547368
177 8380.0 0.070271 0.450026
178 8390.0 0.055978 0.359617
179 8400.0 0.043787 0.282192
180 8410.0 0.033841 0.218782
181 8420.0 0.025879 0.167842
182 8430.0 0.019836 0.129057
183 8440.0 0.015201 0.099222
184 8450.0 0.011689 0.076729
185 8460.0 0.009038 0.060050
186 8470.0 0.006973 0.046905
187 8480.0 0.005408 0.036832
188 8490.0 0.004275 0.029485
189 8500.0 0.003396 0.023725
190 8510.0 0.002698 0.019090
191 8520.0 0.002176 0.015599
192 8530.0 0.001812 0.013168
193 8540.0 0.001505 0.011085
194 8550.0 0.001166 0.008704
195 8560.0 0.000909 0.006883
196 8570.0 0.000715 0.005489
197 8580.0 0.000564 0.004397
198 8590.0 0.000449 0.003548
199 8600.0 0.000359 0.002883
200 8610.0 0.000289 0.002356
201 8620.0 0.000235 0.001943
202 8630.0 0.000193 0.001607
203 8640.0 0.000160 0.001335
204 8650.0 0.000133 0.001118
205 8660.0 0.000112 0.000940
206 8670.0 0.000094 0.000791
207 8680.0 0.000080 0.000674
208 8690.0 0.000068 0.000576
209 8700.0 0.000058 0.000492
210 8710.0 0.000050 0.000424
211 8720.0 0.000043 0.000366
212 8730.0 0.000037 0.000318
213 8740.0 0.000032 0.000278
214 8750.0 0.000028 0.000243
215 8760.0 0.000024 0.000213
216 8770.0 0.000021 0.000188
217 8780.0 0.000019 0.000166
218 8790.0 0.000016 0.000148
219 8800.0 0.000014 0.000132
220 8810.0 0.000013 0.000118
221 8820.0 0.000011 0.000106
222 8830.0 0.000010 0.000095
223 8831.0 0.000000 0.000000
