
#ID Wavelength TransmissionQEFilter TransmissionFilter#

  1 5260.0 0.000029 0.000034
  2 5270.0 0.000029 0.000034
  3 5280.0 0.000029 0.000034
  4 5290.0 0.000030 0.000035
  5 5300.0 0.000032 0.000037
  6 5310.0 0.000034 0.000040
  7 5320.0 0.000037 0.000044
  8 5330.0 0.000041 0.000049
  9 5340.0 0.000047 0.000057
 10 5350.0 0.000055 0.000066
 11 5360.0 0.000066 0.000079
 12 5370.0 0.000081 0.000097
 13 5380.0 0.000101 0.000122
 14 5390.0 0.000129 0.000156
 15 5400.0 0.000169 0.000205
 16 5410.0 0.000228 0.000277
 17 5420.0 0.000312 0.000381
 18 5430.0 0.000440 0.000538
 19 5440.0 0.000635 0.000779
 20 5450.0 0.000941 0.001157
 21 5460.0 0.001433 0.001768
 22 5470.0 0.002233 0.002763
 23 5480.0 0.003580 0.004442
 24 5490.0 0.005884 0.007321
 25 5500.0 0.009866 0.012313
 26 5510.0 0.016969 0.021239
 27 5520.0 0.029424 0.036938
 28 5530.0 0.051013 0.064232
 29 5540.0 0.086624 0.109395
 30 5550.0 0.139307 0.176453
 31 5560.0 0.208101 0.264398
 32 5570.0 0.284716 0.362863
 33 5580.0 0.356125 0.455285
 34 5590.0 0.415456 0.532797
 35 5600.0 0.460738 0.592721
 36 5610.0 0.496060 0.640168
 37 5620.0 0.523952 0.678297
 38 5630.0 0.547506 0.711033
 39 5640.0 0.566106 0.737522
 40 5650.0 0.580970 0.759299
 41 5660.0 0.590659 0.774355
 42 5670.0 0.597467 0.785541
 43 5680.0 0.601376 0.792968
 44 5690.0 0.604263 0.799086
 45 5700.0 0.607038 0.805093
 46 5710.0 0.611516 0.813398
 47 5720.0 0.618042 0.824485
 48 5730.0 0.626573 0.838320
 49 5740.0 0.635622 0.852931
 50 5750.0 0.646898 0.870626
 51 5760.0 0.657466 0.887469
 52 5770.0 0.666320 0.902611
 53 5780.0 0.673801 0.916002
 54 5790.0 0.678853 0.926175
 55 5800.0 0.682543 0.934555
 56 5810.0 0.685233 0.941622
 57 5820.0 0.686915 0.947349
 58 5830.0 0.688402 0.952850
 59 5840.0 0.690685 0.959495
 60 5850.0 0.692389 0.965381
 61 5860.0 0.694098 0.971467
 62 5870.0 0.695209 0.976970
 63 5880.0 0.695261 0.981023
 64 5890.0 0.694785 0.984360
 65 5900.0 0.693293 0.986280
 66 5910.0 0.691523 0.987819
 67 5920.0 0.688329 0.987328
 68 5930.0 0.685731 0.987691
 69 5940.0 0.682195 0.986699
 70 5950.0 0.679569 0.987024
 71 5960.0 0.676698 0.986992
 72 5970.0 0.674283 0.987627
 73 5980.0 0.671109 0.987152
 74 5990.0 0.668115 0.986938
 75 6000.0 0.664717 0.986122
 76 6010.0 0.660297 0.983778
 77 6020.0 0.656303 0.982052
 78 6030.0 0.652606 0.980755
 79 6040.0 0.648780 0.979254
 80 6050.0 0.645536 0.978463
 81 6060.0 0.643100 0.978482
 82 6070.0 0.641665 0.980030
 83 6080.0 0.639939 0.981144
 84 6090.0 0.638767 0.983118
 85 6100.0 0.638208 0.986055
 86 6110.0 0.636960 0.987946
 87 6120.0 0.635085 0.988877
 88 6130.0 0.633253 0.989880
 89 6140.0 0.630983 0.990206
 90 6150.0 0.628651 0.990435
 91 6160.0 0.625610 0.989494
 92 6170.0 0.623002 0.989065
 93 6180.0 0.620964 0.989541
 94 6190.0 0.618605 0.989507
 95 6200.0 0.616659 0.990136
 96 6210.0 0.614686 0.990726
 97 6220.0 0.612807 0.991473
 98 6230.0 0.610248 0.991121
 99 6240.0 0.607587 0.990601
100 6250.0 0.604338 0.989114
101 6260.0 0.600528 0.987211
102 6270.0 0.595949 0.984282
103 6280.0 0.591460 0.981477
104 6290.0 0.586794 0.978349
105 6300.0 0.582324 0.975519
106 6310.0 0.578108 0.973091
107 6320.0 0.574627 0.971882
108 6330.0 0.570983 0.970385
109 6340.0 0.567792 0.969646
110 6350.0 0.565105 0.969609
111 6360.0 0.562983 0.970513
112 6370.0 0.560415 0.970653
113 6380.0 0.558217 0.971439
114 6390.0 0.555723 0.971713
115 6400.0 0.553663 0.972754
116 6410.0 0.551506 0.973633
117 6420.0 0.549157 0.974180
118 6430.0 0.546826 0.974764
119 6440.0 0.544401 0.975186
120 6450.0 0.542411 0.976395
121 6460.0 0.540404 0.976844
122 6470.0 0.538636 0.977526
123 6480.0 0.536519 0.977576
124 6490.0 0.534741 0.978248
125 6500.0 0.532349 0.977796
126 6510.0 0.529916 0.977266
127 6520.0 0.527252 0.976303
128 6530.0 0.524870 0.975857
129 6540.0 0.521881 0.974276
130 6550.0 0.518729 0.972374
131 6560.0 0.515194 0.970571
132 6570.0 0.511044 0.968498
133 6580.0 0.507070 0.966736
134 6590.0 0.502777 0.964339
135 6600.0 0.498715 0.962360
136 6610.0 0.494966 0.960963
137 6620.0 0.491002 0.959130
138 6630.0 0.487174 0.957542
139 6640.0 0.482996 0.955241
140 6650.0 0.479090 0.953454
141 6660.0 0.475654 0.950829
142 6670.0 0.472108 0.947782
143 6680.0 0.467999 0.943573
144 6690.0 0.463131 0.937792
145 6700.0 0.457869 0.931159
146 6710.0 0.451961 0.923149
147 6720.0 0.445664 0.914271
148 6730.0 0.439087 0.904739
149 6740.0 0.431891 0.893840
150 6750.0 0.425641 0.884811
151 6760.0 0.418820 0.874508
152 6770.0 0.412513 0.865294
153 6780.0 0.406416 0.857106
154 6790.0 0.400759 0.849761
155 6800.0 0.395312 0.842783
156 6810.0 0.389542 0.835038
157 6820.0 0.383183 0.825937
158 6830.0 0.375494 0.813853
159 6840.0 0.365182 0.795916
160 6850.0 0.350575 0.768365
161 6860.0 0.330345 0.728397
162 6870.0 0.302567 0.671840
163 6880.0 0.268037 0.599384
164 6890.0 0.227361 0.512052
165 6900.0 0.184009 0.417394
166 6910.0 0.142000 0.324435
167 6920.0 0.105170 0.242040
168 6930.0 0.075137 0.174191
169 6940.0 0.052437 0.122465
170 6950.0 0.036095 0.084926
171 6960.0 0.024786 0.058757
172 6970.0 0.017003 0.040585
173 6980.0 0.011703 0.028128
174 6990.0 0.008150 0.019725
175 7000.0 0.005712 0.013920
176 7010.0 0.004059 0.009964
177 7020.0 0.002911 0.007195
178 7030.0 0.002111 0.005255
179 7040.0 0.001553 0.003895
180 7050.0 0.001150 0.002905
181 7060.0 0.000863 0.002194
182 7070.0 0.000655 0.001678
183 7080.0 0.000501 0.001291
184 7090.0 0.000386 0.001002
185 7100.0 0.000302 0.000788
186 7110.0 0.000237 0.000622
187 7120.0 0.000188 0.000496
188 7130.0 0.000150 0.000399
189 7140.0 0.000120 0.000322
190 7150.0 0.000098 0.000263
191 7160.0 0.000080 0.000216
192 7170.0 0.000065 0.000179
193 7180.0 0.000054 0.000149
194 7190.0 0.000045 0.000124
195 7200.0 0.000038 0.000105
196 7210.0 0.000032 0.000089
197 7220.0 0.000027 0.000076
198 7230.0 0.000023 0.000065
199 7240.0 0.000019 0.000056
200 7250.0 0.000017 0.000048
201 7260.0 0.000014 0.000042
202 7270.0 0.000012 0.000036
203 7280.0 0.000011 0.000032
204 7290.0 0.000009 0.000028
205 7300.0 0.000008 0.000025
206 7310.0 0.000007 0.000021
207 7320.0 0.000006 0.000019
208 7321.0 0.000000 0.000000
