#################################################################
#ID Wavelength(A) Transmission(QE*Filter) Transmission(Filter) #
#################################################################
***** -  Ha  - ******
 1 6509.979858 0.000000 0.000000
 2 6524.810181 0.000000 0.000000
 3 6533.079834 0.001888 0.003515
 4 6535.930176 0.006147 0.011456
 5 6538.209839 0.011243 0.020974
 6 6540.059814 0.018025 0.033651
 7 6541.630249 0.028186 0.052655
 8 6543.619995 0.052717 0.098562
 9 6546.179810 0.105937 0.198270
10 6547.600098 0.160801 0.301130
11 6549.160156 0.213060 0.399250
12 6550.570068 0.266111 0.498950
13 6551.989746 0.318251 0.597060
14 6553.120117 0.372904 0.699920
15 6554.829712 0.425728 0.799630
16 6556.530151 0.463212 0.870850
17 6557.100220 0.474833 0.893000
18 6557.949829 0.483852 0.910420
19 6558.950195 0.495336 0.932580
20 6559.810181 0.499288 0.940500
21 6561.660156 0.498750 0.940520
22 6563.369751 0.497418 0.938960
23 6565.510254 0.500981 0.946890
24 6567.930298 0.502779 0.951660
25 6570.360107 0.500395 0.948520
26 6573.070068 0.496267 0.942220
27 6576.060181 0.483750 0.920100
28 6578.200073 0.467357 0.890060
29 6579.920044 0.448626 0.855270
30 6581.209717 0.419257 0.799900
31 6583.640137 0.365659 0.698660
32 6585.499878 0.313149 0.599000
33 6587.219849 0.261603 0.500920
34 6588.649902 0.209370 0.401250
35 6590.230103 0.155565 0.298420
36 6592.379761 0.105124 0.201920
37 6593.519897 0.085302 0.163960
38 6594.520264 0.068799 0.132320
39 6595.520020 0.053964 0.103850
40 6597.089844 0.038318 0.073810
41 6598.519897 0.027623 0.053255
42 6600.380249 0.018584 0.035870
43 6602.369995 0.011204 0.021651
44 6605.369873 0.006295 0.012188
45 6608.930054 0.002224 0.004315
46 6611.929932 0.000608 0.001182
47 6615.209961 0.000624 0.001216
48 6619.489746 0.000000 0.000000
49 6620.489746 0.000000 0.000000
***** -  SII  - ******
 1 6664.970093 0.000000 0.00000
 2 6674.810181 0.000000 0.00000
 3 6679.799805 0.001414 0.00285
 4 6686.359863 0.003720 0.00752
 5 6690.070190 0.007605 0.01540
 6 6692.780151 0.011483 0.02328
 7 6694.920044 0.016139 0.03275
 8 6696.489868 0.022353 0.04539
 9 6698.489990 0.032445 0.06594
10 6699.910278 0.041754 0.08491
11 6701.060181 0.052590 0.10700
12 6702.340088 0.065774 0.13390
13 6703.339844 0.082047 0.16710
14 6704.630127 0.099079 0.20190
15 6706.630249 0.144738 0.29520
16 6708.640137 0.196538 0.40120
17 6710.070190 0.244443 0.49930
18 6711.649780 0.293834 0.60060
19 6713.229980 0.342326 0.70020
20 6715.089722 0.391533 0.80150
21 6715.659790 0.403792 0.82680
22 6716.519775 0.418286 0.85680
23 6717.949829 0.432710 0.88690
24 6718.950195 0.445639 0.91380
25 6720.369873 0.452283 0.92800
26 6721.799927 0.455848 0.93590
27 6723.369751 0.460158 0.94540
28 6725.650024 0.462762 0.95170
29 6728.499756 0.459852 0.94690
30 6730.930176 0.459361 0.94690
31 6733.489990 0.456518 0.94210
32 6735.349731 0.453094 0.93580
33 6738.049927 0.443318 0.91670
34 6740.189819 0.432995 0.89620
35 6741.329956 0.420512 0.87080
36 6742.470093 0.408861 0.84710
37 6743.460083 0.395704 0.82020
38 6744.169922 0.384101 0.79640
39 6746.589966 0.337969 0.70150
40 6748.289795 0.287407 0.59700
41 6750.139771 0.240752 0.50050
42 6751.840210 0.191880 0.39920
43 6753.690186 0.143840 0.29950
44 6756.389771 0.094307 0.19660
45 6756.950073 0.082918 0.17290
46 6758.380127 0.066905 0.13960
47 6759.520264 0.053986 0.11270
48 6760.939941 0.041098 0.08585
49 6762.509766 0.029708 0.06210
50 6764.219971 0.022868 0.04784
51 6766.209717 0.014524 0.03041
52 6769.060059 0.009964 0.02089
53 6772.199707 0.005409 0.01136
54 6775.330200 0.001626 0.00342
55 6778.610229 0.000104 0.00022
56 6781.890259 0.000000 0.00000
57 6782.890259 0.000000 0.00000
***** -  OIII  - ******
 1 4940.119934 0.000000 0.000000
 2 4955.079956 0.000000 0.000000
 3 4960.199890 0.003144 0.003461
 4 4964.190063 0.004614 0.005083
 5 4968.750000 0.011824 0.013040
 6 4971.319885 0.017577 0.019394
 7 4973.450012 0.030489 0.033656
 8 4975.299988 0.041956 0.046332
 9 4977.439880 0.060575 0.066923
10 4978.999939 0.083476 0.092255
11 4980.000000 0.097775 0.108080
12 4981.140137 0.119232 0.131830
13 4981.990051 0.143545 0.158740
14 4983.129883 0.180712 0.199890
15 4985.830078 0.269266 0.298010
16 4987.390137 0.360668 0.399300
17 4989.230042 0.453401 0.502160
18 4990.790100 0.540390 0.598700
19 4992.210083 0.633043 0.701560
20 4994.190063 0.719855 0.798100
21 4995.329895 0.759639 0.842410
22 4996.610107 0.797964 0.885150
23 4997.749939 0.819170 0.908890
24 4999.309998 0.837452 0.929480
25 5001.730042 0.849867 0.943740
26 5004.299927 0.855131 0.950100
27 5007.149963 0.856066 0.951710
28 5012.130127 0.846885 0.942260
29 5014.700012 0.840948 0.935960
30 5017.120056 0.826498 0.920160
31 5018.399963 0.810747 0.902770
32 5019.830017 0.792139 0.882210
33 5021.260071 0.766445 0.853750
34 5022.969971 0.718000 0.799960
35 5025.260010 0.629795 0.701890
36 5027.120056 0.540235 0.602220
37 5028.980103 0.449300 0.500970
38 5030.700073 0.358414 0.399720
39 5032.560120 0.270406 0.301640
40 5035.270081 0.178171 0.198820
41 5036.130066 0.155473 0.173510
42 5037.130127 0.132786 0.148210
43 5038.410034 0.101591 0.113410
44 5040.549927 0.073245 0.081788
45 5042.980042 0.046328 0.051748
46 5044.830017 0.033588 0.037526
47 5046.830139 0.023686 0.026470
48 5049.819946 0.015212 0.017006
49 5053.099976 0.006746 0.007545
50 5056.659851 0.003946 0.004415
51 5060.220032 0.002562 0.002868
52 5064.349976 0.001185 0.001327
53 5074.899902 0.000000 0.000000
54 5075.899902 0.000000 0.000000
***** -  Hb  - ******
  1 4660.0 1.871124e-07 2.046494e-07
  2 4662.0 2.430878e-07 2.658713e-07
  3 4664.0 3.150875e-07 3.446195e-07
  4 4666.0 4.074802e-07 4.456722e-07
  5 4668.0 5.257620e-07 5.750407e-07
  6 4670.0 6.768293e-07 7.402680e-07
  7 4672.0 8.693136e-07 9.507946e-07
  8 4674.0 1.113989e-06 1.218405e-06
  9 4676.0 1.424272e-06 1.557773e-06
 10 4678.0 1.816822e-06 1.987119e-06
 11 4680.0 2.312272e-06 2.529011e-06
 12 4682.0 2.936114e-06 3.211331e-06
 13 4684.0 3.719754e-06 4.068430e-06
 14 4686.0 4.701785e-06 5.142518e-06
 15 4688.0 5.929508e-06 6.485330e-06
 16 4690.0 7.460741e-06 8.160105e-06
 17 4692.0 9.365965e-06 1.024393e-05
 18 4694.0 1.173088e-05 1.283054e-05
 19 4696.0 1.465938e-05 1.603359e-05
 20 4698.0 1.827714e-05 1.999050e-05
 21 4700.0 2.273569e-05 2.486703e-05
 22 4702.0 2.821729e-05 3.086253e-05
 23 4704.0 3.494056e-05 3.821611e-05
 24 4706.0 4.316698e-05 4.721377e-05
 25 4708.0 5.320849e-05 5.819669e-05
 26 4710.0 6.543610e-05 7.157069e-05
 27 4712.0 8.028997e-05 8.781717e-05
 28 4714.0 9.829070e-05 1.075056e-04
 29 4716.0 1.200524e-04 1.313076e-04
 30 4718.0 1.462975e-04 1.600133e-04
 31 4720.0 1.778730e-04 1.945493e-04
 32 4722.0 2.157697e-04 2.359992e-04
 33 4724.0 2.611429e-04 2.856267e-04
 34 4726.0 3.153359e-04 3.449009e-04
 35 4728.0 3.799057e-04 4.155250e-04
 36 4730.0 4.566522e-04 4.994676e-04
 37 4732.0 5.476495e-04 5.989973e-04
 38 4734.0 6.552804e-04 7.167203e-04
 39 4736.0 7.822741e-04 8.556218e-04
 40 4738.0 9.317470e-04 1.019111e-03
 41 4740.0 1.107247e-03 1.211067e-03
 42 4742.0 1.312799e-03 1.435894e-03
 43 4744.0 1.552956e-03 1.698571e-03
 44 4746.0 1.832853e-03 2.004715e-03
 45 4748.0 2.158258e-03 2.360634e-03
 46 4750.0 2.535633e-03 2.773398e-03
 47 4752.0 2.972232e-03 3.250895e-03
 48 4754.0 3.476204e-03 3.801903e-03
 49 4756.0 4.056348e-03 4.436153e-03
 50 4758.0 4.722505e-03 5.164393e-03
 51 4760.0 5.485510e-03 5.998454e-03
 52 4762.0 6.357245e-03 6.951312e-03
 53 4764.0 7.350691e-03 8.037139e-03
 54 4766.0 8.479977e-03 9.271363e-03
 55 4768.0 9.760421e-03 1.067070e-02
 56 4770.0 1.120856e-02 1.225320e-02
 57 4772.0 1.284217e-02 1.403827e-02
 58 4774.0 1.468027e-02 1.604668e-02
 59 4776.0 1.674316e-02 1.830054e-02
 60 4778.0 1.905232e-02 2.082331e-02
 61 4780.0 2.163045e-02 2.363977e-02
 62 4782.0 2.450139e-02 2.677589e-02
 63 4784.0 2.769002e-02 3.025881e-02
 64 4786.0 3.122217e-02 3.411672e-02
 65 4788.0 3.512450e-02 3.837867e-02
 66 4790.0 3.942436e-02 4.307446e-02
 67 4792.0 4.414957e-02 4.823444e-02
 68 4794.0 4.932823e-02 5.388921e-02
 69 4796.0 5.498851e-02 6.006947e-02
 70 4798.0 6.115834e-02 6.680564e-02
 71 4800.0 6.786515e-02 7.412757e-02
 72 4802.0 7.513550e-02 8.206419e-02
 73 4804.0 8.299481e-02 9.064315e-02
 74 4806.0 9.146691e-02 9.989036e-02
 75 4808.0 1.005737e-01 1.098296e-01
 76 4810.0 1.103347e-01 1.204822e-01
 77 4812.0 1.207667e-01 1.318662e-01
 78 4814.0 1.318832e-01 1.439963e-01
 79 4816.0 1.436942e-01 1.568832e-01
 80 4818.0 1.562055e-01 1.705333e-01
 81 4820.0 1.694184e-01 1.849477e-01
 82 4822.0 1.833294e-01 2.001226e-01
 83 4824.0 1.979298e-01 2.160483e-01
 84 4826.0 2.132050e-01 2.327087e-01
 85 4828.0 2.291348e-01 2.500817e-01
 86 4830.0 2.456926e-01 2.681380e-01
 87 4832.0 2.628454e-01 2.868417e-01
 88 4834.0 2.805537e-01 3.061494e-01
 89 4836.0 2.987713e-01 3.260107e-01
 90 4838.0 3.174455e-01 3.463680e-01
 91 4840.0 3.365168e-01 3.671562e-01
 92 4842.0 3.559194e-01 3.883036e-01
 93 4844.0 3.755813e-01 4.097314e-01
 94 4846.0 3.954244e-01 4.313545e-01
 95 4848.0 4.153384e-01 4.530820e-01
 96 4850.0 4.352130e-01 4.748174e-01
 97 4852.0 4.549974e-01 4.964594e-01
 98 4854.0 4.745952e-01 5.179028e-01
 99 4856.0 4.939068e-01 5.390388e-01
100 4858.0 5.128307e-01 5.597564e-01
101 4860.0 5.312640e-01 5.799433e-01
102 4862.0 5.491033e-01 5.994864e-01
103 4864.0 5.662459e-01 6.182731e-01
104 4866.0 5.825905e-01 6.361929e-01
105 4868.0 5.980383e-01 6.531374e-01
106 4870.0 6.124942e-01 6.690023e-01
107 4872.0 6.258673e-01 6.836881e-01
108 4874.0 6.380723e-01 6.971010e-01
109 4876.0 6.490300e-01 7.091544e-01
110 4878.0 6.586687e-01 7.197690e-01
111 4880.0 6.669244e-01 7.288747e-01
112 4882.0 6.737418e-01 7.364103e-01
113 4884.0 6.790749e-01 7.423253e-01
114 4886.0 6.828876e-01 7.465793e-01
115 4888.0 6.851538e-01 7.491433e-01
116 4890.0 6.858580e-01 7.500000e-01
117 4892.0 6.849955e-01 7.491433e-01
118 4894.0 6.825721e-01 7.465793e-01
119 4896.0 6.786044e-01 7.423253e-01
120 4898.0 6.731194e-01 7.364103e-01
121 4900.0 6.661544e-01 7.288747e-01
122 4902.0 6.577562e-01 7.197690e-01
123 4904.0 6.479812e-01 7.091544e-01
124 4906.0 6.368940e-01 6.971010e-01
125 4908.0 6.245672e-01 6.836881e-01
126 4910.0 6.110807e-01 6.690023e-01
127 4912.0 5.965204e-01 6.531374e-01
128 4914.0 5.809775e-01 6.361929e-01
129 4916.0 5.645477e-01 6.182731e-01
130 4918.0 5.473301e-01 5.994864e-01
131 4920.0 5.294260e-01 5.799433e-01
132 4922.0 5.109385e-01 5.597564e-01
133 4924.0 4.919707e-01 5.390388e-01
134 4926.0 4.726255e-01 5.179028e-01
135 4928.0 4.530044e-01 4.964594e-01
136 4930.0 4.332066e-01 4.748174e-01
137 4932.0 4.133281e-01 4.530820e-01
138 4934.0 3.934614e-01 4.313545e-01
139 4936.0 3.736945e-01 4.097314e-01
140 4938.0 3.541103e-01 3.883036e-01
141 4940.0 3.347864e-01 3.671562e-01
142 4942.0 3.157943e-01 3.463680e-01
143 4944.0 2.971523e-01 3.260107e-01
144 4946.0 2.789329e-01 3.061494e-01
145 4948.0 2.612328e-01 2.868417e-01
146 4950.0 2.440973e-01 2.681380e-01
147 4952.0 2.275650e-01 2.500817e-01
148 4954.0 2.116680e-01 2.327087e-01
149 4956.0 1.964319e-01 2.160483e-01
150 4958.0 1.818764e-01 2.001226e-01
151 4960.0 1.680149e-01 1.849477e-01
152 4962.0 1.548555e-01 1.705333e-01
153 4964.0 1.424008e-01 1.568832e-01
154 4966.0 1.306489e-01 1.439963e-01
155 4968.0 1.195931e-01 1.318662e-01
156 4970.0 1.092230e-01 1.204822e-01
157 4972.0 9.952425e-02 1.098296e-01
158 4974.0 9.047970e-02 9.989036e-02
159 4976.0 8.206928e-02 9.064315e-02
160 4978.0 7.427068e-02 8.206419e-02
161 4980.0 6.705966e-02 7.412757e-02
162 4982.0 6.041052e-02 6.680564e-02
163 4984.0 5.429641e-02 6.006947e-02
164 4986.0 4.868967e-02 5.388921e-02
165 4988.0 4.356220e-02 4.823444e-02
166 4990.0 3.888571e-02 4.307446e-02
167 4992.0 3.463200e-02 3.837867e-02
168 4994.0 3.077317e-02 3.411672e-02
169 4996.0 2.728188e-02 3.025881e-02
170 4998.0 2.413145e-02 2.677589e-02
171 5000.0 2.129609e-02 2.363977e-02
172 5002.0 1.875097e-02 2.082331e-02
173 5004.0 1.647232e-02 1.830054e-02
174 5006.0 1.443753e-02 1.604668e-02
175 5008.0 1.262520e-02 1.403827e-02
176 5010.0 1.101591e-02 1.225320e-02
177 5012.0 9.590772e-03 1.067070e-02
178 5014.0 8.330940e-03 9.271363e-03
179 5016.0 7.220076e-03 8.037139e-03
180 5018.0 6.243050e-03 6.951312e-03
181 5020.0 5.385911e-03 5.998454e-03
182 5022.0 4.635844e-03 5.164393e-03
183 5024.0 3.981125e-03 4.436153e-03
184 5026.0 3.411066e-03 3.801903e-03
185 5028.0 2.915960e-03 3.250895e-03
186 5030.0 2.487027e-03 2.773398e-03
187 5032.0 2.116346e-03 2.360634e-03
188 5034.0 1.796801e-03 2.004715e-03
189 5036.0 1.522022e-03 1.698571e-03
190 5038.0 1.286320e-03 1.435894e-03
191 5040.0 1.084636e-03 1.211067e-03
192 5042.0 9.124873e-04 1.019111e-03
193 5044.0 7.659083e-04 8.556218e-04
194 5046.0 6.414075e-04 7.167203e-04
195 5048.0 5.359183e-04 5.989973e-04
196 5050.0 4.467560e-04 4.994676e-04
197 5052.0 3.715776e-04 4.155250e-04
198 5054.0 3.083443e-04 3.449009e-04
199 5056.0 2.552876e-04 2.856267e-04
200 5058.0 2.108777e-04 2.359992e-04
201 5060.0 1.737957e-04 1.945493e-04
202 5062.0 1.429074e-04 1.600133e-04
203 5064.0 1.172405e-04 1.313076e-04
204 5066.0 9.596390e-05 1.075056e-04
205 5068.0 7.836920e-05 8.781717e-05
206 5070.0 6.385431e-05 7.157069e-05
207 5072.0 5.190896e-05 5.819669e-05
208 5074.0 4.210191e-05 4.721377e-05
209 5076.0 3.406822e-05 3.821611e-05
210 5078.0 2.750129e-05 3.086253e-05
211 5080.0 2.214950e-05 2.486703e-05
212 5082.0 1.779844e-05 1.999050e-05
213 5084.0 1.426945e-05 1.603359e-05
214 5086.0 1.141405e-05 1.283054e-05
215 5088.0 9.109189e-06 1.024393e-05
216 5090.0 7.253152e-06 8.160105e-06
217 5092.0 5.762104e-06 6.485330e-06
218 5094.0 4.567123e-06 5.142518e-06
219 5096.0 3.611699e-06 4.068430e-06
220 5097.0 0.000000e+00 0.000000e+00
***** -  gsdss  - ******
  1 3890.0 0.000001 0.000003
  2 3900.0 0.000002 0.000004
  3 3910.0 0.000004 0.000008
  4 3920.0 0.000013 0.000022
  5 3930.0 0.000051 0.000088
  6 3940.0 0.000268 0.000456
  7 3950.0 0.002184 0.003660
  8 3960.0 0.020601 0.034028
  9 3970.0 0.096790 0.157660
 10 3980.0 0.236567 0.380148
 11 3990.0 0.372684 0.591598
 12 4000.0 0.458945 0.719775
 13 4010.0 0.518820 0.804017
 14 4020.0 0.569034 0.871488
 15 4030.0 0.601368 0.910328
 16 4040.0 0.617287 0.924017
 17 4050.0 0.627468 0.929781
 18 4060.0 0.638503 0.936681
 19 4070.0 0.649420 0.943275
 20 4080.0 0.659323 0.947983
 21 4090.0 0.667282 0.949613
 22 4100.0 0.674434 0.950075
 23 4110.0 0.679810 0.948050
 24 4120.0 0.684719 0.945419
 25 4130.0 0.690814 0.944463
 26 4140.0 0.701899 0.950281
 27 4150.0 0.715984 0.960472
 28 4160.0 0.726403 0.965629
 29 4170.0 0.733458 0.966261
 30 4180.0 0.739495 0.965670
 31 4190.0 0.746193 0.966255
 32 4200.0 0.752276 0.966041
 33 4210.0 0.758412 0.965897
 34 4220.0 0.764266 0.965401
 35 4230.0 0.772912 0.968410
 36 4240.0 0.781314 0.971067
 37 4250.0 0.789253 0.973112
 38 4260.0 0.792713 0.971482
 39 4270.0 0.795415 0.969134
 40 4280.0 0.800550 0.969761
 41 4290.0 0.808233 0.973729
 42 4300.0 0.813596 0.975827
 43 4310.0 0.817464 0.976120
 44 4320.0 0.820445 0.975356
 45 4330.0 0.823760 0.974995
 46 4340.0 0.827636 0.975297
 47 4350.0 0.829467 0.973198
 48 4360.0 0.831059 0.970837
 49 4370.0 0.832949 0.968972
 50 4380.0 0.835899 0.969208
 51 4390.0 0.841382 0.972369
 52 4400.0 0.847955 0.976766
 53 4410.0 0.852378 0.978666
 54 4420.0 0.854848 0.978317
 55 4430.0 0.857096 0.977719
 56 4440.0 0.859455 0.977250
 57 4450.0 0.864117 0.979395
 58 4460.0 0.867182 0.979963
 59 4470.0 0.869313 0.980054
 60 4480.0 0.870534 0.979121
 61 4490.0 0.871256 0.977633
 62 4500.0 0.873761 0.978147
 63 4510.0 0.877284 0.979797
 64 4520.0 0.879250 0.979703
 65 4530.0 0.880312 0.978604
 66 4540.0 0.878666 0.974509
 67 4550.0 0.877176 0.970604
 68 4560.0 0.878157 0.970258
 69 4570.0 0.882407 0.973830
 70 4580.0 0.886868 0.977627
 71 4590.0 0.890353 0.980341
 72 4600.0 0.891654 0.980646
 73 4610.0 0.889830 0.977518
 74 4620.0 0.888262 0.974678
 75 4630.0 0.887558 0.972791
 76 4640.0 0.888049 0.972216
 77 4650.0 0.888967 0.972281
 78 4660.0 0.889118 0.972449
 79 4670.0 0.887649 0.970847
 80 4680.0 0.886492 0.969586
 81 4690.0 0.885220 0.968200
 82 4700.0 0.885920 0.968970
 83 4710.0 0.886616 0.969736
 84 4720.0 0.886662 0.969790
 85 4730.0 0.884949 0.967922
 86 4740.0 0.882358 0.965092
 87 4750.0 0.880607 0.963180
 88 4760.0 0.880916 0.963289
 89 4770.0 0.884309 0.966727
 90 4780.0 0.888454 0.970985
 91 4790.0 0.892449 0.975076
 92 4800.0 0.892541 0.974902
 93 4810.0 0.890002 0.971856
 94 4820.0 0.885804 0.966999
 95 4830.0 0.883497 0.964210
 96 4840.0 0.882592 0.962951
 97 4850.0 0.886368 0.967028
 98 4860.0 0.890219 0.971789
 99 4870.0 0.893187 0.975592
100 4880.0 0.892358 0.975248
101 4890.0 0.888036 0.971086
102 4900.0 0.881306 0.964283
103 4910.0 0.874738 0.957650
104 4920.0 0.871652 0.954824
105 4930.0 0.872919 0.956766
106 4940.0 0.878011 0.962904
107 4950.0 0.882812 0.969758
108 4960.0 0.885070 0.974269
109 4970.0 0.884079 0.975214
110 4980.0 0.880339 0.973124
111 4990.0 0.875512 0.969821
112 5000.0 0.871220 0.967099
113 5010.0 0.869863 0.967565
114 5020.0 0.870544 0.969552
115 5030.0 0.872107 0.972526
116 5040.0 0.872750 0.974482
117 5050.0 0.871593 0.974430
118 5060.0 0.869337 0.973148
119 5070.0 0.866268 0.970951
120 5080.0 0.863666 0.969630
121 5090.0 0.861711 0.969462
122 5100.0 0.860685 0.970340
123 5110.0 0.860759 0.972465
124 5120.0 0.859013 0.972539
125 5130.0 0.855655 0.970784
126 5140.0 0.851261 0.967844
127 5150.0 0.846176 0.964104
128 5160.0 0.842515 0.962104
129 5170.0 0.841508 0.963367
130 5180.0 0.841123 0.965351
131 5190.0 0.841838 0.968611
132 5200.0 0.840451 0.969462
133 5210.0 0.836519 0.967375
134 5220.0 0.828682 0.960750
135 5230.0 0.818781 0.951692
136 5240.0 0.809289 0.943064
137 5250.0 0.801773 0.936700
138 5260.0 0.798893 0.935722
139 5270.0 0.798773 0.937723
140 5280.0 0.802155 0.943855
141 5290.0 0.806945 0.951675
142 5300.0 0.810777 0.958400
143 5310.0 0.812511 0.962669
144 5320.0 0.812291 0.964638
145 5330.0 0.810422 0.964653
146 5340.0 0.807509 0.963423
147 5350.0 0.802917 0.960179
148 5360.0 0.798802 0.957492
149 5370.0 0.794202 0.954560
150 5380.0 0.789517 0.951631
151 5390.0 0.786095 0.950212
152 5400.0 0.783101 0.949305
153 5410.0 0.781889 0.950558
154 5420.0 0.781733 0.953105
155 5430.0 0.780043 0.953792
156 5440.0 0.775287 0.950723
157 5450.0 0.765241 0.941130
158 5460.0 0.750724 0.925968
159 5470.0 0.734524 0.908633
160 5480.0 0.718868 0.891873
161 5490.0 0.708363 0.881423
162 5500.0 0.705394 0.880317
163 5510.0 0.709622 0.888211
164 5520.0 0.715735 0.898520
165 5530.0 0.712575 0.897214
166 5540.0 0.687378 0.868070
167 5550.0 0.629611 0.797497
168 5560.0 0.538642 0.684358
169 5570.0 0.427043 0.544254
170 5580.0 0.315197 0.402962
171 5590.0 0.217071 0.278381
172 5600.0 0.142383 0.183170
173 5610.0 0.090850 0.117242
174 5620.0 0.057442 0.074363
175 5630.0 0.036660 0.047609
176 5640.0 0.023871 0.031099
177 5650.0 0.015990 0.020898
178 5660.0 0.011068 0.014511
179 5670.0 0.007877 0.010356
180 5680.0 0.005791 0.007636
181 5690.0 0.004355 0.005760
182 5700.0 0.003367 0.004465
183 5710.0 0.002632 0.003500
184 5720.0 0.002072 0.002764
185 5730.0 0.001638 0.002191
186 5740.0 0.001295 0.001737
187 5750.0 0.001019 0.001371
188 5760.0 0.000799 0.001078
189 5770.0 0.000628 0.000851
190 5780.0 0.000492 0.000669
191 5790.0 0.000389 0.000531
192 5800.0 0.000311 0.000425
193 5810.0 0.000250 0.000344
194 5820.0 0.000204 0.000282
195 5830.0 0.000169 0.000233
196 5840.0 0.000141 0.000196
197 5850.0 0.000121 0.000169
198 5860.0 0.000105 0.000147
199 5870.0 0.000092 0.000130
200 5880.0 0.000082 0.000116
201 5890.0 0.000073 0.000103
202 5891.0 0.000000 0.000000
***** -  rsdss  - ******
  1 5260.0 0.000029 0.000034
  2 5270.0 0.000029 0.000034
  3 5280.0 0.000029 0.000034
  4 5290.0 0.000030 0.000035
  5 5300.0 0.000032 0.000037
  6 5310.0 0.000034 0.000040
  7 5320.0 0.000037 0.000044
  8 5330.0 0.000041 0.000049
  9 5340.0 0.000047 0.000057
 10 5350.0 0.000055 0.000066
 11 5360.0 0.000066 0.000079
 12 5370.0 0.000081 0.000097
 13 5380.0 0.000101 0.000122
 14 5390.0 0.000129 0.000156
 15 5400.0 0.000169 0.000205
 16 5410.0 0.000228 0.000277
 17 5420.0 0.000312 0.000381
 18 5430.0 0.000440 0.000538
 19 5440.0 0.000635 0.000779
 20 5450.0 0.000941 0.001157
 21 5460.0 0.001433 0.001768
 22 5470.0 0.002233 0.002763
 23 5480.0 0.003580 0.004442
 24 5490.0 0.005884 0.007321
 25 5500.0 0.009866 0.012313
 26 5510.0 0.016969 0.021239
 27 5520.0 0.029424 0.036938
 28 5530.0 0.051013 0.064232
 29 5540.0 0.086624 0.109395
 30 5550.0 0.139307 0.176453
 31 5560.0 0.208101 0.264398
 32 5570.0 0.284716 0.362863
 33 5580.0 0.356125 0.455285
 34 5590.0 0.415456 0.532797
 35 5600.0 0.460738 0.592721
 36 5610.0 0.496060 0.640168
 37 5620.0 0.523952 0.678297
 38 5630.0 0.547506 0.711033
 39 5640.0 0.566106 0.737522
 40 5650.0 0.580970 0.759299
 41 5660.0 0.590659 0.774355
 42 5670.0 0.597467 0.785541
 43 5680.0 0.601376 0.792968
 44 5690.0 0.604263 0.799086
 45 5700.0 0.607038 0.805093
 46 5710.0 0.611516 0.813398
 47 5720.0 0.618042 0.824485
 48 5730.0 0.626573 0.838320
 49 5740.0 0.635622 0.852931
 50 5750.0 0.646898 0.870626
 51 5760.0 0.657466 0.887469
 52 5770.0 0.666320 0.902611
 53 5780.0 0.673801 0.916002
 54 5790.0 0.678853 0.926175
 55 5800.0 0.682543 0.934555
 56 5810.0 0.685233 0.941622
 57 5820.0 0.686915 0.947349
 58 5830.0 0.688402 0.952850
 59 5840.0 0.690685 0.959495
 60 5850.0 0.692389 0.965381
 61 5860.0 0.694098 0.971467
 62 5870.0 0.695209 0.976970
 63 5880.0 0.695261 0.981023
 64 5890.0 0.694785 0.984360
 65 5900.0 0.693293 0.986280
 66 5910.0 0.691523 0.987819
 67 5920.0 0.688329 0.987328
 68 5930.0 0.685731 0.987691
 69 5940.0 0.682195 0.986699
 70 5950.0 0.679569 0.987024
 71 5960.0 0.676698 0.986992
 72 5970.0 0.674283 0.987627
 73 5980.0 0.671109 0.987152
 74 5990.0 0.668115 0.986938
 75 6000.0 0.664717 0.986122
 76 6010.0 0.660297 0.983778
 77 6020.0 0.656303 0.982052
 78 6030.0 0.652606 0.980755
 79 6040.0 0.648780 0.979254
 80 6050.0 0.645536 0.978463
 81 6060.0 0.643100 0.978482
 82 6070.0 0.641665 0.980030
 83 6080.0 0.639939 0.981144
 84 6090.0 0.638767 0.983118
 85 6100.0 0.638208 0.986055
 86 6110.0 0.636960 0.987946
 87 6120.0 0.635085 0.988877
 88 6130.0 0.633253 0.989880
 89 6140.0 0.630983 0.990206
 90 6150.0 0.628651 0.990435
 91 6160.0 0.625610 0.989494
 92 6170.0 0.623002 0.989065
 93 6180.0 0.620964 0.989541
 94 6190.0 0.618605 0.989507
 95 6200.0 0.616659 0.990136
 96 6210.0 0.614686 0.990726
 97 6220.0 0.612807 0.991473
 98 6230.0 0.610248 0.991121
 99 6240.0 0.607587 0.990601
100 6250.0 0.604338 0.989114
101 6260.0 0.600528 0.987211
102 6270.0 0.595949 0.984282
103 6280.0 0.591460 0.981477
104 6290.0 0.586794 0.978349
105 6300.0 0.582324 0.975519
106 6310.0 0.578108 0.973091
107 6320.0 0.574627 0.971882
108 6330.0 0.570983 0.970385
109 6340.0 0.567792 0.969646
110 6350.0 0.565105 0.969609
111 6360.0 0.562983 0.970513
112 6370.0 0.560415 0.970653
113 6380.0 0.558217 0.971439
114 6390.0 0.555723 0.971713
115 6400.0 0.553663 0.972754
116 6410.0 0.551506 0.973633
117 6420.0 0.549157 0.974180
118 6430.0 0.546826 0.974764
119 6440.0 0.544401 0.975186
120 6450.0 0.542411 0.976395
121 6460.0 0.540404 0.976844
122 6470.0 0.538636 0.977526
123 6480.0 0.536519 0.977576
124 6490.0 0.534741 0.978248
125 6500.0 0.532349 0.977796
126 6510.0 0.529916 0.977266
127 6520.0 0.527252 0.976303
128 6530.0 0.524870 0.975857
129 6540.0 0.521881 0.974276
130 6550.0 0.518729 0.972374
131 6560.0 0.515194 0.970571
132 6570.0 0.511044 0.968498
133 6580.0 0.507070 0.966736
134 6590.0 0.502777 0.964339
135 6600.0 0.498715 0.962360
136 6610.0 0.494966 0.960963
137 6620.0 0.491002 0.959130
138 6630.0 0.487174 0.957542
139 6640.0 0.482996 0.955241
140 6650.0 0.479090 0.953454
141 6660.0 0.475654 0.950829
142 6670.0 0.472108 0.947782
143 6680.0 0.467999 0.943573
144 6690.0 0.463131 0.937792
145 6700.0 0.457869 0.931159
146 6710.0 0.451961 0.923149
147 6720.0 0.445664 0.914271
148 6730.0 0.439087 0.904739
149 6740.0 0.431891 0.893840
150 6750.0 0.425641 0.884811
151 6760.0 0.418820 0.874508
152 6770.0 0.412513 0.865294
153 6780.0 0.406416 0.857106
154 6790.0 0.400759 0.849761
155 6800.0 0.395312 0.842783
156 6810.0 0.389542 0.835038
157 6820.0 0.383183 0.825937
158 6830.0 0.375494 0.813853
159 6840.0 0.365182 0.795916
160 6850.0 0.350575 0.768365
161 6860.0 0.330345 0.728397
162 6870.0 0.302567 0.671840
163 6880.0 0.268037 0.599384
164 6890.0 0.227361 0.512052
165 6900.0 0.184009 0.417394
166 6910.0 0.142000 0.324435
167 6920.0 0.105170 0.242040
168 6930.0 0.075137 0.174191
169 6940.0 0.052437 0.122465
170 6950.0 0.036095 0.084926
171 6960.0 0.024786 0.058757
172 6970.0 0.017003 0.040585
173 6980.0 0.011703 0.028128
174 6990.0 0.008150 0.019725
175 7000.0 0.005712 0.013920
176 7010.0 0.004059 0.009964
177 7020.0 0.002911 0.007195
178 7030.0 0.002111 0.005255
179 7040.0 0.001553 0.003895
180 7050.0 0.001150 0.002905
181 7060.0 0.000863 0.002194
182 7070.0 0.000655 0.001678
183 7080.0 0.000501 0.001291
184 7090.0 0.000386 0.001002
185 7100.0 0.000302 0.000788
186 7110.0 0.000237 0.000622
187 7120.0 0.000188 0.000496
188 7130.0 0.000150 0.000399
189 7140.0 0.000120 0.000322
190 7150.0 0.000098 0.000263
191 7160.0 0.000080 0.000216
192 7170.0 0.000065 0.000179
193 7180.0 0.000054 0.000149
194 7190.0 0.000045 0.000124
195 7200.0 0.000038 0.000105
196 7210.0 0.000032 0.000089
197 7220.0 0.000027 0.000076
198 7230.0 0.000023 0.000065
199 7240.0 0.000019 0.000056
200 7250.0 0.000017 0.000048
201 7260.0 0.000014 0.000042
202 7270.0 0.000012 0.000036
203 7280.0 0.000011 0.000032
204 7290.0 0.000009 0.000028
205 7300.0 0.000008 0.000025
206 7310.0 0.000007 0.000021
207 7320.0 0.000006 0.000019
208 7321.0 0.000000 0.000000
***** -  isdss  - ******
  1 6620.0 0.000000 0.000000
  2 6630.0 0.000016 0.000032
  3 6640.0 0.000019 0.000038
  4 6650.0 0.000023 0.000046
  5 6660.0 0.000028 0.000056
  6 6670.0 0.000034 0.000068
  7 6680.0 0.000042 0.000085
  8 6690.0 0.000053 0.000107
  9 6700.0 0.000067 0.000137
 10 6710.0 0.000086 0.000176
 11 6720.0 0.000112 0.000231
 12 6730.0 0.000149 0.000306
 13 6740.0 0.000200 0.000413
 14 6750.0 0.000272 0.000565
 15 6760.0 0.000376 0.000785
 16 6770.0 0.000530 0.001112
 17 6780.0 0.000761 0.001605
 18 6790.0 0.001112 0.002357
 19 6800.0 0.001664 0.003548
 20 6810.0 0.002546 0.005458
 21 6820.0 0.003967 0.008551
 22 6830.0 0.006360 0.013786
 23 6840.0 0.010376 0.022614
 24 6850.0 0.017248 0.037803
 25 6860.0 0.028713 0.063312
 26 6870.0 0.046812 0.103944
 27 6880.0 0.073226 0.163747
 28 6890.0 0.106428 0.239691
 29 6900.0 0.141141 0.320154
 30 6910.0 0.173168 0.395646
 31 6920.0 0.199482 0.459089
 32 6930.0 0.221280 0.512995
 33 6940.0 0.241711 0.564505
 34 6950.0 0.262866 0.618486
 35 6960.0 0.284782 0.675084
 36 6970.0 0.307592 0.734185
 37 6980.0 0.329941 0.792992
 38 6990.0 0.349774 0.846532
 39 7000.0 0.365857 0.891686
 40 7010.0 0.377591 0.926805
 41 7020.0 0.385136 0.952071
 42 7030.0 0.389119 0.968828
 43 7040.0 0.390580 0.979506
 44 7050.0 0.389930 0.985006
 45 7060.0 0.388497 0.988124
 46 7070.0 0.386666 0.989601
 47 7080.0 0.384873 0.991194
 48 7090.0 0.382657 0.991713
 49 7100.0 0.380149 0.991475
 50 7110.0 0.377729 0.991465
 51 7120.0 0.375529 0.992038
 52 7130.0 0.372753 0.991085
 53 7140.0 0.369819 0.989699
 54 7150.0 0.367148 0.989001
 55 7160.0 0.363985 0.986962
 56 7170.0 0.360896 0.985096
 57 7180.0 0.357972 0.983660
 58 7190.0 0.355684 0.983962
 59 7200.0 0.353022 0.983228
 60 7210.0 0.350403 0.982607
 61 7220.0 0.347998 0.982578
 62 7230.0 0.345963 0.983601
 63 7240.0 0.343365 0.983027
 64 7250.0 0.341039 0.983230
 65 7260.0 0.338928 0.984061
 66 7270.0 0.336553 0.984562
 67 7280.0 0.333764 0.983959
 68 7290.0 0.331236 0.984119
 69 7300.0 0.328574 0.983881
 70 7310.0 0.326132 0.984303
 71 7320.0 0.323232 0.983341
 72 7330.0 0.320623 0.983254
 73 7340.0 0.317974 0.983041
 74 7350.0 0.315641 0.983811
 75 7360.0 0.312945 0.983144
 76 7370.0 0.310912 0.983534
 77 7380.0 0.308689 0.983329
 78 7390.0 0.306695 0.983854
 79 7400.0 0.304649 0.984215
 80 7410.0 0.302391 0.983895
 81 7420.0 0.300514 0.984820
 82 7430.0 0.298391 0.984944
 83 7440.0 0.296285 0.985126
 84 7450.0 0.294432 0.986160
 85 7460.0 0.292402 0.986610
 86 7470.0 0.290309 0.986225
 87 7480.0 0.288625 0.987183
 88 7490.0 0.286618 0.987039
 89 7500.0 0.284950 0.988072
 90 7510.0 0.283088 0.988441
 91 7520.0 0.281458 0.989631
 92 7530.0 0.279514 0.989726
 93 7540.0 0.277725 0.990374
 94 7550.0 0.275593 0.989821
 95 7560.0 0.274041 0.991537
 96 7570.0 0.272171 0.992124
 97 7580.0 0.270101 0.991986
 98 7590.0 0.268295 0.992819
 99 7600.0 0.265927 0.991570
100 7610.0 0.263971 0.991852
101 7620.0 0.261940 0.991851
102 7630.0 0.259978 0.992115
103 7640.0 0.257599 0.990783
104 7650.0 0.255502 0.990518
105 7660.0 0.253047 0.988811
106 7670.0 0.251123 0.988395
107 7680.0 0.248938 0.986937
108 7690.0 0.246717 0.985313
109 7700.0 0.244974 0.985590
110 7710.0 0.242635 0.983456
111 7720.0 0.240659 0.982768
112 7730.0 0.238579 0.981644
113 7740.0 0.236752 0.981551
114 7750.0 0.234700 0.980521
115 7760.0 0.233459 0.981661
116 7770.0 0.232093 0.980954
117 7780.0 0.230574 0.979586
118 7790.0 0.229644 0.980723
119 7800.0 0.228185 0.979599
120 7810.0 0.227029 0.979771
121 7820.0 0.225917 0.980136
122 7830.0 0.224780 0.980394
123 7840.0 0.223514 0.980091
124 7850.0 0.222264 0.979855
125 7860.0 0.221132 0.980714
126 7870.0 0.219198 0.980799
127 7880.0 0.217022 0.979790
128 7890.0 0.215241 0.980565
129 7900.0 0.213373 0.980952
130 7910.0 0.211588 0.981734
131 7920.0 0.209648 0.981802
132 7930.0 0.207558 0.981167
133 7940.0 0.205626 0.981267
134 7950.0 0.203938 0.981193
135 7960.0 0.203068 0.982392
136 7970.0 0.202206 0.983646
137 7980.0 0.200982 0.983142
138 7990.0 0.199804 0.982860
139 8000.0 0.199287 0.985843
140 8010.0 0.198355 0.986794
141 8020.0 0.197249 0.986890
142 8030.0 0.196194 0.987242
143 8040.0 0.195372 0.988772
144 8050.0 0.194394 0.989534
145 8060.0 0.193291 0.989777
146 8070.0 0.192248 0.990634
147 8080.0 0.191157 0.991246
148 8090.0 0.190141 0.992261
149 8100.0 0.188716 0.991138
150 8110.0 0.187763 0.992496
151 8120.0 0.186270 0.991001
152 8130.0 0.185039 0.990891
153 8140.0 0.183696 0.990171
154 8150.0 0.182261 0.988943
155 8160.0 0.180642 0.986698
156 8170.0 0.178322 0.983990
157 8180.0 0.176298 0.982927
158 8190.0 0.174277 0.981853
159 8200.0 0.172246 0.980698
160 8210.0 0.170309 0.980063
161 8220.0 0.168241 0.978648
162 8230.0 0.166370 0.978363
163 8240.0 0.164491 0.978026
164 8250.0 0.163622 0.979118
165 8260.0 0.162974 0.980974
166 8270.0 0.162043 0.981143
167 8280.0 0.160864 0.979806
168 8290.0 0.159471 0.977137
169 8300.0 0.157129 0.968589
170 8310.0 0.153556 0.952300
171 8320.0 0.147926 0.922977
172 8330.0 0.140080 0.879385
173 8340.0 0.129273 0.816555
174 8350.0 0.116356 0.738199
175 8360.0 0.101446 0.645616
176 8370.0 0.085740 0.547368
177 8380.0 0.070271 0.450026
178 8390.0 0.055978 0.359617
179 8400.0 0.043787 0.282192
180 8410.0 0.033841 0.218782
181 8420.0 0.025879 0.167842
182 8430.0 0.019836 0.129057
183 8440.0 0.015201 0.099222
184 8450.0 0.011689 0.076729
185 8460.0 0.009038 0.060050
186 8470.0 0.006973 0.046905
187 8480.0 0.005408 0.036832
188 8490.0 0.004275 0.029485
189 8500.0 0.003396 0.023725
190 8510.0 0.002698 0.019090
191 8520.0 0.002176 0.015599
192 8530.0 0.001812 0.013168
193 8540.0 0.001505 0.011085
194 8550.0 0.001166 0.008704
195 8560.0 0.000909 0.006883
196 8570.0 0.000715 0.005489
197 8580.0 0.000564 0.004397
198 8590.0 0.000449 0.003548
199 8600.0 0.000359 0.002883
200 8610.0 0.000289 0.002356
201 8620.0 0.000235 0.001943
202 8630.0 0.000193 0.001607
203 8640.0 0.000160 0.001335
204 8650.0 0.000133 0.001118
205 8660.0 0.000112 0.000940
206 8670.0 0.000094 0.000791
207 8680.0 0.000080 0.000674
208 8690.0 0.000068 0.000576
209 8700.0 0.000058 0.000492
210 8710.0 0.000050 0.000424
211 8720.0 0.000043 0.000366
212 8730.0 0.000037 0.000318
213 8740.0 0.000032 0.000278
214 8750.0 0.000028 0.000243
215 8760.0 0.000024 0.000213
216 8770.0 0.000021 0.000188
217 8780.0 0.000019 0.000166
218 8790.0 0.000016 0.000148
219 8800.0 0.000014 0.000132
220 8810.0 0.000013 0.000118
221 8820.0 0.000011 0.000106
222 8830.0 0.000010 0.000095
223 8831.0 0.000000 0.000000
